"f (Hz)"	"G_exp (S)"	"G_mod (S)"	"B_exp (S)"	"B_mod (S)"	"R_exp (Ohm)"	"R_mod (Ohm)"	"X_exp (Ohm)"	"X_mod (Ohm)"
1.1000e+05	1.4700e-05	1.5652e-05	3.5700e-04	3.6267e-04	1.1515e+02	1.1878e+02	-2.7964e+03	-2.7522e+03	
1.1010e+05	1.4800e-05	1.5729e-05	3.5700e-04	3.6351e-04	1.1593e+02	1.1881e+02	-2.7963e+03	-2.7458e+03	
1.1020e+05	1.4900e-05	1.5806e-05	3.5800e-04	3.6437e-04	1.1606e+02	1.1883e+02	-2.7885e+03	-2.7393e+03	
1.1030e+05	1.5100e-05	1.5885e-05	3.5900e-04	3.6523e-04	1.1696e+02	1.1886e+02	-2.7806e+03	-2.7328e+03	
1.1040e+05	1.5200e-05	1.5964e-05	3.6000e-04	3.6610e-04	1.1708e+02	1.1889e+02	-2.7728e+03	-2.7263e+03	
1.1050e+05	1.5300e-05	1.6045e-05	3.6000e-04	3.6697e-04	1.1784e+02	1.1892e+02	-2.7728e+03	-2.7198e+03	
1.1060e+05	1.5500e-05	1.6127e-05	3.6200e-04	3.6785e-04	1.1806e+02	1.1895e+02	-2.7574e+03	-2.7133e+03	
1.1070e+05	1.5600e-05	1.6210e-05	3.6300e-04	3.6874e-04	1.1817e+02	1.1899e+02	-2.7497e+03	-2.7067e+03	
1.1080e+05	1.5700e-05	1.6294e-05	3.6500e-04	3.6964e-04	1.1763e+02	1.1902e+02	-2.7347e+03	-2.7001e+03	
1.1090e+05	1.5800e-05	1.6379e-05	3.6700e-04	3.7054e-04	1.1709e+02	1.1906e+02	-2.7198e+03	-2.6935e+03	
1.1100e+05	1.5900e-05	1.6466e-05	3.6800e-04	3.7145e-04	1.1719e+02	1.1910e+02	-2.7123e+03	-2.6869e+03	
1.1110e+05	1.5900e-05	1.6554e-05	3.7000e-04	3.7237e-04	1.1593e+02	1.1915e+02	-2.6977e+03	-2.6802e+03	
1.1120e+05	1.5900e-05	1.6643e-05	3.7100e-04	3.7330e-04	1.1531e+02	1.1919e+02	-2.6905e+03	-2.6735e+03	
1.1130e+05	1.5900e-05	1.6734e-05	3.7300e-04	3.7424e-04	1.1408e+02	1.1924e+02	-2.6761e+03	-2.6668e+03	
1.1140e+05	1.5900e-05	1.6825e-05	3.7400e-04	3.7518e-04	1.1347e+02	1.1929e+02	-2.6690e+03	-2.6600e+03	
1.1150e+05	1.6000e-05	1.6919e-05	3.7500e-04	3.7613e-04	1.1357e+02	1.1935e+02	-2.6618e+03	-2.6533e+03	
1.1160e+05	1.6100e-05	1.7013e-05	3.7600e-04	3.7709e-04	1.1367e+02	1.1940e+02	-2.6547e+03	-2.6465e+03	
1.1170e+05	1.6300e-05	1.7109e-05	3.7600e-04	3.7806e-04	1.1508e+02	1.1946e+02	-2.6546e+03	-2.6397e+03	
1.1180e+05	1.6500e-05	1.7207e-05	3.7600e-04	3.7904e-04	1.1649e+02	1.1952e+02	-2.6545e+03	-2.6328e+03	
1.1190e+05	1.6700e-05	1.7306e-05	3.7600e-04	3.8003e-04	1.1789e+02	1.1958e+02	-2.6543e+03	-2.6259e+03	
1.1200e+05	1.6800e-05	1.7407e-05	3.7600e-04	3.8102e-04	1.1860e+02	1.1965e+02	-2.6543e+03	-2.6190e+03	
1.1210e+05	1.7000e-05	1.7509e-05	3.7800e-04	3.8203e-04	1.1874e+02	1.1972e+02	-2.6402e+03	-2.6121e+03	
1.1220e+05	1.7100e-05	1.7613e-05	3.7900e-04	3.8304e-04	1.1880e+02	1.1979e+02	-2.6332e+03	-2.6052e+03	
1.1230e+05	1.7300e-05	1.7718e-05	3.8100e-04	3.8407e-04	1.1893e+02	1.1986e+02	-2.6193e+03	-2.5982e+03	
1.1240e+05	1.7400e-05	1.7825e-05	3.8200e-04	3.8510e-04	1.1899e+02	1.1994e+02	-2.6124e+03	-2.5911e+03	
1.1250e+05	1.7600e-05	1.7934e-05	3.8400e-04	3.8615e-04	1.1911e+02	1.2002e+02	-2.5987e+03	-2.5841e+03	
1.1260e+05	1.7800e-05	1.8045e-05	3.8400e-04	3.8720e-04	1.2046e+02	1.2010e+02	-2.5986e+03	-2.5770e+03	
1.1270e+05	1.7900e-05	1.8157e-05	3.8400e-04	3.8827e-04	1.2113e+02	1.2018e+02	-2.5985e+03	-2.5699e+03	
1.1280e+05	1.8000e-05	1.8272e-05	3.8400e-04	3.8935e-04	1.2180e+02	1.2027e+02	-2.5985e+03	-2.5628e+03	
1.1290e+05	1.8000e-05	1.8388e-05	3.8400e-04	3.9043e-04	1.2180e+02	1.2036e+02	-2.5985e+03	-2.5556e+03	
1.1300e+05	1.8000e-05	1.8507e-05	3.8400e-04	3.9153e-04	1.2180e+02	1.2045e+02	-2.5985e+03	-2.5484e+03	
1.1310e+05	1.8000e-05	1.8627e-05	3.8600e-04	3.9264e-04	1.2055e+02	1.2055e+02	-2.5851e+03	-2.5411e+03	
1.1320e+05	1.8000e-05	1.8749e-05	3.8800e-04	3.9376e-04	1.1931e+02	1.2065e+02	-2.5718e+03	-2.5338e+03	
1.1330e+05	1.8100e-05	1.8874e-05	3.8900e-04	3.9490e-04	1.1935e+02	1.2075e+02	-2.5651e+03	-2.5265e+03	
1.1340e+05	1.8200e-05	1.9001e-05	3.9100e-04	3.9604e-04	1.1879e+02	1.2086e+02	-2.5520e+03	-2.5192e+03	
1.1350e+05	1.8400e-05	1.9130e-05	3.9300e-04	3.9720e-04	1.1887e+02	1.2097e+02	-2.5390e+03	-2.5118e+03	
1.1360e+05	1.8500e-05	1.9261e-05	3.9400e-04	3.9837e-04	1.1891e+02	1.2108e+02	-2.5325e+03	-2.5044e+03	
1.1370e+05	1.8700e-05	1.9394e-05	3.9600e-04	3.9955e-04	1.1898e+02	1.2120e+02	-2.5196e+03	-2.4969e+03	
1.1380e+05	1.8800e-05	1.9530e-05	3.9700e-04	4.0075e-04	1.1902e+02	1.2132e+02	-2.5133e+03	-2.4894e+03	
1.1390e+05	1.9000e-05	1.9669e-05	3.9900e-04	4.0196e-04	1.1908e+02	1.2145e+02	-2.5006e+03	-2.4819e+03	
1.1400e+05	1.9200e-05	1.9810e-05	4.0000e-04	4.0318e-04	1.1972e+02	1.2157e+02	-2.4943e+03	-2.4743e+03	
1.1410e+05	1.9300e-05	1.9954e-05	4.0100e-04	4.0442e-04	1.1975e+02	1.2171e+02	-2.4880e+03	-2.4667e+03	
1.1420e+05	1.9700e-05	2.0100e-05	4.0200e-04	4.0567e-04	1.2161e+02	1.2184e+02	-2.4816e+03	-2.4590e+03	
1.1430e+05	2.0100e-05	2.0249e-05	4.0300e-04	4.0693e-04	1.2345e+02	1.2198e+02	-2.4752e+03	-2.4514e+03	
1.1440e+05	2.0500e-05	2.0401e-05	4.0400e-04	4.0821e-04	1.2528e+02	1.2212e+02	-2.4689e+03	-2.4436e+03	
1.1450e+05	2.0900e-05	2.0556e-05	4.0500e-04	4.0951e-04	1.2708e+02	1.2227e+02	-2.4626e+03	-2.4358e+03	
1.1460e+05	2.1300e-05	2.0714e-05	4.0800e-04	4.1082e-04	1.2761e+02	1.2242e+02	-2.4443e+03	-2.4280e+03	
1.1470e+05	2.1700e-05	2.0875e-05	4.1000e-04	4.1214e-04	1.2873e+02	1.2258e+02	-2.4322e+03	-2.4201e+03	
1.1480e+05	2.2100e-05	2.1039e-05	4.1200e-04	4.1348e-04	1.2982e+02	1.2274e+02	-2.4202e+03	-2.4122e+03	
1.1490e+05	2.2500e-05	2.1206e-05	4.1500e-04	4.1484e-04	1.3026e+02	1.2290e+02	-2.4026e+03	-2.4043e+03	
1.1500e+05	2.2900e-05	2.1377e-05	4.1700e-04	4.1622e-04	1.3130e+02	1.2307e+02	-2.3909e+03	-2.3963e+03	
1.1510e+05	2.3300e-05	2.1552e-05	4.1800e-04	4.1761e-04	1.3294e+02	1.2325e+02	-2.3849e+03	-2.3882e+03	
1.1520e+05	2.3600e-05	2.1729e-05	4.2000e-04	4.1902e-04	1.3337e+02	1.2343e+02	-2.3735e+03	-2.3801e+03	
1.1530e+05	2.4000e-05	2.1911e-05	4.2200e-04	4.2045e-04	1.3433e+02	1.2361e+02	-2.3620e+03	-2.3720e+03	
1.1540e+05	2.4400e-05	2.2096e-05	4.2300e-04	4.2190e-04	1.3591e+02	1.2380e+02	-2.3562e+03	-2.3638e+03	
1.1550e+05	2.5000e-05	2.2285e-05	4.2400e-04	4.2336e-04	1.3858e+02	1.2399e+02	-2.3503e+03	-2.3555e+03	
1.1560e+05	2.5800e-05	2.2479e-05	4.2400e-04	4.2485e-04	1.4298e+02	1.2419e+02	-2.3498e+03	-2.3472e+03	
1.1570e+05	2.6600e-05	2.2676e-05	4.2400e-04	4.2635e-04	1.4738e+02	1.2439e+02	-2.3492e+03	-2.3389e+03	
1.1580e+05	2.7400e-05	2.2878e-05	4.2400e-04	4.2788e-04	1.5178e+02	1.2460e+02	-2.3487e+03	-2.3305e+03	
1.1590e+05	2.7900e-05	2.3084e-05	4.2400e-04	4.2942e-04	1.5452e+02	1.2482e+02	-2.3483e+03	-2.3220e+03	
1.1600e+05	2.8400e-05	2.3294e-05	4.2500e-04	4.3099e-04	1.5653e+02	1.2504e+02	-2.3425e+03	-2.3135e+03	
1.1610e+05	2.8900e-05	2.3509e-05	4.2600e-04	4.3258e-04	1.5852e+02	1.2526e+02	-2.3367e+03	-2.3049e+03	
1.1620e+05	2.9400e-05	2.3729e-05	4.2600e-04	4.3419e-04	1.6124e+02	1.2550e+02	-2.3363e+03	-2.2963e+03	
1.1630e+05	2.9700e-05	2.3954e-05	4.2700e-04	4.3582e-04	1.6211e+02	1.2573e+02	-2.3306e+03	-2.2876e+03	
1.1640e+05	2.9400e-05	2.4185e-05	4.2800e-04	4.3748e-04	1.5974e+02	1.2598e+02	-2.3255e+03	-2.2788e+03	
1.1650e+05	2.9200e-05	2.4420e-05	4.3000e-04	4.3916e-04	1.5720e+02	1.2623e+02	-2.3149e+03	-2.2700e+03	
1.1660e+05	2.8900e-05	2.4661e-05	4.3100e-04	4.4087e-04	1.5488e+02	1.2649e+02	-2.3098e+03	-2.2612e+03	
1.1670e+05	2.8600e-05	2.4908e-05	4.3300e-04	4.4260e-04	1.5188e+02	1.2675e+02	-2.2994e+03	-2.2522e+03	
1.1680e+05	2.8400e-05	2.5161e-05	4.3500e-04	4.4436e-04	1.4945e+02	1.2702e+02	-2.2891e+03	-2.2432e+03	
1.1690e+05	2.8100e-05	2.5419e-05	4.3600e-04	4.4614e-04	1.4721e+02	1.2729e+02	-2.2841e+03	-2.2342e+03	
1.1700e+05	2.7900e-05	2.5684e-05	4.3900e-04	4.4795e-04	1.4419e+02	1.2758e+02	-2.2687e+03	-2.2251e+03	
1.1710e+05	2.7600e-05	2.5956e-05	4.4100e-04	4.4979e-04	1.4136e+02	1.2787e+02	-2.2587e+03	-2.2159e+03	
1.1720e+05	2.7500e-05	2.6234e-05	4.4300e-04	4.5166e-04	1.3959e+02	1.2817e+02	-2.2487e+03	-2.2066e+03	
1.1730e+05	2.7500e-05	2.6520e-05	4.4600e-04	4.5356e-04	1.3773e+02	1.2847e+02	-2.2337e+03	-2.1973e+03	
1.1740e+05	2.7500e-05	2.6812e-05	4.4800e-04	4.5549e-04	1.3650e+02	1.2879e+02	-2.2238e+03	-2.1879e+03	
1.1750e+05	2.7500e-05	2.7112e-05	4.4900e-04	4.5745e-04	1.3590e+02	1.2911e+02	-2.2188e+03	-2.1784e+03	
1.1760e+05	2.7500e-05	2.7420e-05	4.4900e-04	4.5944e-04	1.3590e+02	1.2944e+02	-2.2188e+03	-2.1688e+03	
1.1770e+05	2.7600e-05	2.7735e-05	4.5000e-04	4.6147e-04	1.3579e+02	1.2977e+02	-2.2139e+03	-2.1592e+03	
1.1780e+05	2.7900e-05	2.8060e-05	4.5100e-04	4.6353e-04	1.3664e+02	1.3012e+02	-2.2088e+03	-2.1495e+03	
1.1790e+05	2.8100e-05	2.8392e-05	4.5200e-04	4.6562e-04	1.3701e+02	1.3047e+02	-2.2039e+03	-2.1397e+03	
1.1800e+05	2.8400e-05	2.8734e-05	4.5500e-04	4.6775e-04	1.3665e+02	1.3084e+02	-2.1893e+03	-2.1299e+03	
1.1810e+05	2.8600e-05	2.9085e-05	4.5900e-04	4.6992e-04	1.3523e+02	1.3121e+02	-2.1702e+03	-2.1199e+03	
1.1820e+05	2.8800e-05	2.9446e-05	4.6200e-04	4.7212e-04	1.3441e+02	1.3159e+02	-2.1561e+03	-2.1099e+03	
1.1830e+05	2.9000e-05	2.9817e-05	4.6600e-04	4.7437e-04	1.3303e+02	1.3198e+02	-2.1376e+03	-2.0998e+03	
1.1840e+05	2.9200e-05	3.0199e-05	4.6800e-04	4.7665e-04	1.3280e+02	1.3239e+02	-2.1285e+03	-2.0896e+03	
1.1850e+05	2.9400e-05	3.0591e-05	4.7000e-04	4.7898e-04	1.3257e+02	1.3280e+02	-2.1194e+03	-2.0793e+03	
1.1860e+05	2.9800e-05	3.0994e-05	4.7100e-04	4.8135e-04	1.3379e+02	1.3322e+02	-2.1147e+03	-2.0689e+03	
1.1870e+05	3.0400e-05	3.1410e-05	4.7300e-04	4.8376e-04	1.3532e+02	1.3365e+02	-2.1055e+03	-2.0584e+03	
1.1880e+05	3.0900e-05	3.1838e-05	4.7400e-04	4.8622e-04	1.3695e+02	1.3409e+02	-2.1008e+03	-2.0479e+03	
1.1890e+05	3.1500e-05	3.2278e-05	4.7700e-04	4.8873e-04	1.3784e+02	1.3455e+02	-2.0873e+03	-2.0372e+03	
1.1900e+05	3.2100e-05	3.2732e-05	4.8100e-04	4.9129e-04	1.3813e+02	1.3501e+02	-2.0698e+03	-2.0265e+03	
1.1910e+05	3.2600e-05	3.3200e-05	4.8500e-04	4.9389e-04	1.3797e+02	1.3549e+02	-2.0526e+03	-2.0156e+03	
1.1920e+05	3.3200e-05	3.3682e-05	4.8900e-04	4.9655e-04	1.3820e+02	1.3598e+02	-2.0356e+03	-2.0047e+03	
1.1930e+05	3.3800e-05	3.4180e-05	4.9300e-04	4.9926e-04	1.3842e+02	1.3648e+02	-2.0189e+03	-1.9936e+03	
1.1940e+05	3.4300e-05	3.4693e-05	4.9500e-04	5.0203e-04	1.3932e+02	1.3700e+02	-2.0105e+03	-1.9825e+03	
1.1950e+05	3.4800e-05	3.5223e-05	4.9500e-04	5.0485e-04	1.4133e+02	1.3753e+02	-2.0103e+03	-1.9712e+03	
1.1960e+05	3.5100e-05	3.5770e-05	4.9500e-04	5.0774e-04	1.4253e+02	1.3807e+02	-2.0101e+03	-1.9598e+03	
1.1970e+05	3.5300e-05	3.6335e-05	4.9500e-04	5.1068e-04	1.4334e+02	1.3862e+02	-2.0100e+03	-1.9483e+03	
1.1980e+05	3.5600e-05	3.6919e-05	4.9500e-04	5.1369e-04	1.4454e+02	1.3919e+02	-2.0098e+03	-1.9367e+03	
1.1990e+05	3.5800e-05	3.7523e-05	4.9900e-04	5.1676e-04	1.4304e+02	1.3978e+02	-1.9937e+03	-1.9250e+03	
1.2000e+05	3.6500e-05	3.8148e-05	5.0300e-04	5.1990e-04	1.4351e+02	1.4038e+02	-1.9777e+03	-1.9131e+03	
1.2010e+05	3.7300e-05	3.8794e-05	5.0800e-04	5.2312e-04	1.4376e+02	1.4099e+02	-1.9579e+03	-1.9012e+03	
1.2020e+05	3.8100e-05	3.9463e-05	5.1200e-04	5.2640e-04	1.4454e+02	1.4162e+02	-1.9424e+03	-1.8891e+03	
1.2030e+05	3.8900e-05	4.0156e-05	5.1600e-04	5.2976e-04	1.4527e+02	1.4227e+02	-1.9270e+03	-1.8769e+03	
1.2040e+05	3.9600e-05	4.0874e-05	5.2100e-04	5.3320e-04	1.4505e+02	1.4293e+02	-1.9084e+03	-1.8645e+03	
1.2050e+05	4.0200e-05	4.1619e-05	5.2600e-04	5.3672e-04	1.4445e+02	1.4361e+02	-1.8901e+03	-1.8520e+03	
1.2060e+05	4.0900e-05	4.2391e-05	5.3000e-04	5.4033e-04	1.4474e+02	1.4431e+02	-1.8756e+03	-1.8394e+03	
1.2070e+05	4.1600e-05	4.3192e-05	5.3500e-04	5.4402e-04	1.4447e+02	1.4503e+02	-1.8579e+03	-1.8267e+03	
1.2080e+05	4.2300e-05	4.4024e-05	5.3900e-04	5.4781e-04	1.4471e+02	1.4576e+02	-1.8439e+03	-1.8138e+03	
1.2090e+05	4.3200e-05	4.4889e-05	5.4200e-04	5.5169e-04	1.4613e+02	1.4652e+02	-1.8334e+03	-1.8007e+03	
1.2100e+05	4.4100e-05	4.5787e-05	5.4600e-04	5.5566e-04	1.4697e+02	1.4729e+02	-1.8196e+03	-1.7875e+03	
1.2110e+05	4.5000e-05	4.6722e-05	5.4900e-04	5.5975e-04	1.4831e+02	1.4809e+02	-1.8093e+03	-1.7742e+03	
1.2120e+05	4.6000e-05	4.7694e-05	5.5200e-04	5.6394e-04	1.4993e+02	1.4891e+02	-1.7991e+03	-1.7607e+03	
1.2130e+05	4.7100e-05	4.8706e-05	5.5600e-04	5.6824e-04	1.5127e+02	1.4974e+02	-1.7857e+03	-1.7470e+03	
1.2140e+05	4.8200e-05	4.9761e-05	5.6100e-04	5.7265e-04	1.5203e+02	1.5061e+02	-1.7695e+03	-1.7332e+03	
1.2150e+05	4.9300e-05	5.0861e-05	5.6500e-04	5.7719e-04	1.5327e+02	1.5149e+02	-1.7565e+03	-1.7192e+03	
1.2160e+05	5.0300e-05	5.2009e-05	5.7000e-04	5.8186e-04	1.5362e+02	1.5240e+02	-1.7408e+03	-1.7050e+03	
1.2170e+05	5.1400e-05	5.3206e-05	5.7500e-04	5.8665e-04	1.5423e+02	1.5334e+02	-1.7253e+03	-1.6907e+03	
1.2180e+05	5.2400e-05	5.4458e-05	5.8000e-04	5.9159e-04	1.5451e+02	1.5429e+02	-1.7102e+03	-1.6762e+03	
1.2190e+05	5.3500e-05	5.5766e-05	5.8700e-04	5.9667e-04	1.5399e+02	1.5528e+02	-1.6895e+03	-1.6615e+03	
1.2200e+05	5.4700e-05	5.7134e-05	5.9300e-04	6.0190e-04	1.5424e+02	1.5630e+02	-1.6721e+03	-1.6466e+03	
1.2210e+05	5.5900e-05	5.8566e-05	6.0000e-04	6.0729e-04	1.5394e+02	1.5734e+02	-1.6523e+03	-1.6315e+03	
1.2220e+05	5.7000e-05	6.0067e-05	6.0600e-04	6.1285e-04	1.5385e+02	1.5841e+02	-1.6357e+03	-1.6162e+03	
1.2230e+05	5.8700e-05	6.1641e-05	6.1300e-04	6.1858e-04	1.5479e+02	1.5951e+02	-1.6165e+03	-1.6007e+03	
1.2240e+05	6.0600e-05	6.3293e-05	6.1900e-04	6.2449e-04	1.5666e+02	1.6064e+02	-1.6002e+03	-1.5850e+03	
1.2250e+05	6.2500e-05	6.5028e-05	6.2500e-04	6.3060e-04	1.5842e+02	1.6181e+02	-1.5842e+03	-1.5691e+03	
1.2260e+05	6.4500e-05	6.6851e-05	6.3100e-04	6.3690e-04	1.6032e+02	1.6301e+02	-1.5684e+03	-1.5530e+03	
1.2270e+05	6.6000e-05	6.8770e-05	6.3700e-04	6.4342e-04	1.6093e+02	1.6424e+02	-1.5532e+03	-1.5366e+03	
1.2280e+05	6.7500e-05	7.0791e-05	6.4300e-04	6.5016e-04	1.6148e+02	1.6551e+02	-1.5383e+03	-1.5201e+03	
1.2290e+05	6.9000e-05	7.2921e-05	6.4800e-04	6.5713e-04	1.6248e+02	1.6682e+02	-1.5259e+03	-1.5033e+03	
1.2300e+05	7.1300e-05	7.5170e-05	6.5300e-04	6.6435e-04	1.6524e+02	1.6816e+02	-1.5134e+03	-1.4862e+03	
1.2310e+05	7.4300e-05	7.7545e-05	6.5800e-04	6.7183e-04	1.6945e+02	1.6954e+02	-1.5006e+03	-1.4689e+03	
1.2320e+05	7.7500e-05	8.0056e-05	6.6500e-04	6.7959e-04	1.7290e+02	1.7097e+02	-1.4836e+03	-1.4513e+03	
1.2330e+05	8.0200e-05	8.2715e-05	6.7500e-04	6.8763e-04	1.7357e+02	1.7244e+02	-1.4609e+03	-1.4335e+03	
1.2340e+05	8.2800e-05	8.5534e-05	6.8400e-04	6.9598e-04	1.7442e+02	1.7395e+02	-1.4409e+03	-1.4154e+03	
1.2350e+05	8.5500e-05	8.8525e-05	6.9400e-04	7.0466e-04	1.7487e+02	1.7551e+02	-1.4194e+03	-1.3971e+03	
1.2360e+05	8.8200e-05	9.1703e-05	7.0400e-04	7.1368e-04	1.7521e+02	1.7712e+02	-1.3985e+03	-1.3784e+03	
1.2370e+05	9.1800e-05	9.5084e-05	7.1100e-04	7.2307e-04	1.7862e+02	1.7877e+02	-1.3834e+03	-1.3595e+03	
1.2380e+05	9.5600e-05	9.8686e-05	7.1800e-04	7.3285e-04	1.8221e+02	1.8048e+02	-1.3685e+03	-1.3402e+03	
1.2390e+05	9.9500e-05	1.0253e-04	7.2600e-04	7.4303e-04	1.8530e+02	1.8224e+02	-1.3520e+03	-1.3207e+03	
1.2400e+05	1.0300e-04	1.0664e-04	7.3300e-04	7.5366e-04	1.8799e+02	1.8406e+02	-1.3378e+03	-1.3008e+03	
1.2410e+05	1.0700e-04	1.1103e-04	7.4600e-04	7.6475e-04	1.8839e+02	1.8593e+02	-1.3135e+03	-1.2806e+03	
1.2420e+05	1.1000e-04	1.1574e-04	7.5900e-04	7.7633e-04	1.8702e+02	1.8786e+02	-1.2904e+03	-1.2601e+03	
1.2430e+05	1.1400e-04	1.2080e-04	7.7300e-04	7.8845e-04	1.8672e+02	1.8986e+02	-1.2661e+03	-1.2392e+03	
1.2440e+05	1.1800e-04	1.2623e-04	7.8600e-04	8.0113e-04	1.8679e+02	1.9192e+02	-1.2442e+03	-1.2180e+03	
1.2450e+05	1.2200e-04	1.3209e-04	8.0200e-04	8.1442e-04	1.8539e+02	1.9405e+02	-1.2187e+03	-1.1964e+03	
1.2460e+05	1.2900e-04	1.3842e-04	8.1800e-04	8.2836e-04	1.8811e+02	1.9624e+02	-1.1928e+03	-1.1744e+03	
1.2470e+05	1.3700e-04	1.4526e-04	8.3400e-04	8.4299e-04	1.9179e+02	1.9852e+02	-1.1675e+03	-1.1520e+03	
1.2480e+05	1.4600e-04	1.5268e-04	8.5000e-04	8.5836e-04	1.9629e+02	2.0086e+02	-1.1428e+03	-1.1293e+03	
1.2490e+05	1.5300e-04	1.6073e-04	8.6600e-04	8.7454e-04	1.9784e+02	2.0329e+02	-1.1198e+03	-1.1061e+03	
1.2500e+05	1.6000e-04	1.6951e-04	8.8400e-04	8.9157e-04	1.9825e+02	2.0580e+02	-1.0953e+03	-1.0825e+03	
1.2510e+05	1.6700e-04	1.7908e-04	9.0400e-04	9.0953e-04	1.9761e+02	2.0840e+02	-1.0697e+03	-1.0584e+03	
1.2520e+05	1.7500e-04	1.8956e-04	9.2300e-04	9.2848e-04	1.9829e+02	2.1108e+02	-1.0458e+03	-1.0339e+03	
1.2530e+05	1.8700e-04	2.0105e-04	9.4400e-04	9.4851e-04	2.0192e+02	2.1387e+02	-1.0193e+03	-1.0090e+03	
1.2540e+05	1.9900e-04	2.1370e-04	9.6600e-04	9.6969e-04	2.0457e+02	2.1675e+02	-9.9305e+02	-9.8349e+02	
1.2550e+05	2.1300e-04	2.2766e-04	9.8800e-04	9.9211e-04	2.0851e+02	2.1973e+02	-9.6719e+02	-9.5753e+02	
1.2560e+05	2.2800e-04	2.4312e-04	1.0100e-03	1.0159e-03	2.1267e+02	2.2282e+02	-9.4209e+02	-9.3105e+02	
1.2570e+05	2.4500e-04	2.6028e-04	1.0400e-03	1.0411e-03	2.1461e+02	2.2602e+02	-9.1098e+02	-9.0404e+02	
1.2580e+05	2.6400e-04	2.7941e-04	1.0600e-03	1.0678e-03	2.2124e+02	2.2934e+02	-8.8830e+02	-8.7647e+02	
1.2590e+05	2.8400e-04	3.0081e-04	1.0900e-03	1.0962e-03	2.2384e+02	2.3279e+02	-8.5911e+02	-8.4834e+02	
1.2600e+05	3.0600e-04	3.2484e-04	1.1200e-03	1.1264e-03	2.2700e+02	2.3636e+02	-8.3084e+02	-8.1960e+02	
1.2610e+05	3.2400e-04	3.5194e-04	1.1500e-03	1.1585e-03	2.2697e+02	2.4007e+02	-8.0562e+02	-7.9026e+02	
1.2620e+05	3.4200e-04	3.8261e-04	1.1800e-03	1.1926e-03	2.2659e+02	2.4392e+02	-7.8179e+02	-7.6028e+02	
1.2630e+05	3.6400e-04	4.1749e-04	1.2100e-03	1.2287e-03	2.2799e+02	2.4793e+02	-7.5786e+02	-7.2964e+02	
1.2640e+05	4.0700e-04	4.5734e-04	1.2500e-03	1.2669e-03	2.3551e+02	2.5209e+02	-7.2332e+02	-6.9832e+02	
1.2650e+05	4.5500e-04	5.0306e-04	1.3000e-03	1.3072e-03	2.3985e+02	2.5641e+02	-6.8528e+02	-6.6630e+02	
1.2660e+05	5.0900e-04	5.5578e-04	1.3400e-03	1.3496e-03	2.4773e+02	2.6091e+02	-6.5217e+02	-6.3354e+02	
1.2670e+05	5.6600e-04	6.1685e-04	1.3900e-03	1.3936e-03	2.5128e+02	2.6559e+02	-6.1710e+02	-6.0001e+02	
1.2680e+05	6.2400e-04	6.8789e-04	1.4300e-03	1.4388e-03	2.5634e+02	2.7046e+02	-5.8744e+02	-5.6570e+02	
1.2690e+05	6.9800e-04	7.7088e-04	1.4700e-03	1.4844e-03	2.6358e+02	2.7553e+02	-5.5511e+02	-5.3057e+02	
1.2700e+05	7.8500e-04	8.6813e-04	1.5100e-03	1.5290e-03	2.7103e+02	2.8082e+02	-5.2135e+02	-4.9459e+02	
1.2710e+05	8.8300e-04	9.8230e-04	1.5400e-03	1.5703e-03	2.8020e+02	2.8633e+02	-4.8869e+02	-4.5772e+02	
1.2720e+05	9.9400e-04	1.1163e-03	1.5700e-03	1.6049e-03	2.8787e+02	2.9208e+02	-4.5469e+02	-4.1992e+02	
1.2730e+05	1.1100e-03	1.2731e-03	1.5900e-03	1.6279e-03	2.9520e+02	2.9808e+02	-4.2285e+02	-3.8117e+02	
1.2740e+05	1.2200e-03	1.4549e-03	1.6200e-03	1.6321e-03	2.9663e+02	3.0435e+02	-3.9389e+02	-3.4142e+02	
1.2750e+05	1.3600e-03	1.6623e-03	1.5900e-03	1.6074e-03	3.1067e+02	3.1089e+02	-3.6320e+02	-3.0062e+02	
1.2760e+05	1.5700e-03	1.8923e-03	1.5500e-03	1.5410e-03	3.2255e+02	3.1774e+02	-3.1845e+02	-2.5875e+02	
1.2770e+05	1.8000e-03	2.1361e-03	1.4300e-03	1.4184e-03	3.4059e+02	3.2489e+02	-2.7058e+02	-2.1574e+02	
1.2780e+05	2.0700e-03	2.3757e-03	1.3000e-03	1.2262e-03	3.4645e+02	3.3238e+02	-2.1758e+02	-1.7155e+02	
1.2790e+05	2.3200e-03	2.5841e-03	9.8800e-04	9.5795e-04	3.6486e+02	3.4023e+02	-1.5538e+02	-1.2613e+02	
1.2800e+05	2.5100e-03	2.7282e-03	6.0800e-04	6.2179e-04	3.7633e+02	3.4845e+02	-9.1158e+01	-7.9416e+01	
1.2810e+05	2.6000e-03	2.7792e-03	2.3400e-04	2.4409e-04	3.8153e+02	3.5707e+02	-3.4337e+01	-3.1361e+01	
1.2820e+05	2.5300e-03	2.7247e-03	-1.9000e-04	-1.3472e-04	3.9304e+02	3.6611e+02	2.9517e+01	1.8102e+01	
1.2830e+05	2.4600e-03	2.5753e-03	-5.6800e-04	-4.7336e-04	3.8593e+02	3.7561e+02	8.9109e+01	6.9039e+01	
1.2840e+05	2.4000e-03	2.3591e-03	-8.1800e-04	-7.4347e-04	3.7330e+02	3.8559e+02	1.2723e+02	1.2152e+02	
1.2850e+05	2.3300e-03	2.1099e-03	-9.9300e-04	-9.3549e-04	3.6321e+02	3.9609e+02	1.5479e+02	1.7561e+02	
1.2860e+05	2.1100e-03	1.8565e-03	-1.0600e-03	-1.0552e-03	3.7843e+02	4.0713e+02	1.9011e+02	2.3141e+02	
1.2870e+05	1.8700e-03	1.6177e-03	-1.0900e-03	-1.1163e-03	3.9915e+02	4.1876e+02	2.3266e+02	2.8898e+02	
1.2880e+05	1.6200e-03	1.4032e-03	-1.1300e-03	-1.1342e-03	4.1525e+02	4.3103e+02	2.8965e+02	3.4842e+02	
1.2890e+05	1.3900e-03	1.2161e-03	-1.1000e-03	-1.1226e-03	4.4238e+02	4.4396e+02	3.5008e+02	4.0982e+02	
1.2900e+05	1.1800e-03	1.0558e-03	-1.0700e-03	-1.0920e-03	4.6506e+02	4.5763e+02	4.2171e+02	4.7329e+02	
1.2910e+05	1.0100e-03	9.1966e-04	-1.0400e-03	-1.0499e-03	4.8056e+02	4.7207e+02	4.9484e+02	5.3894e+02	
1.2920e+05	8.8300e-04	8.0445e-04	-9.8400e-04	-1.0018e-03	5.0516e+02	4.8734e+02	5.6295e+02	6.0688e+02	
1.2930e+05	7.6900e-04	7.0701e-04	-9.2300e-04	-9.5094e-04	5.3281e+02	5.0352e+02	6.3951e+02	6.7723e+02	
1.2940e+05	6.7000e-04	6.2445e-04	-8.7800e-04	-8.9966e-04	5.4928e+02	5.2067e+02	7.1980e+02	7.5014e+02	
1.2950e+05	6.0300e-04	5.5426e-04	-8.3300e-04	-8.4933e-04	5.7021e+02	5.3886e+02	7.8771e+02	8.2574e+02	
1.2960e+05	5.5100e-04	4.9435e-04	-7.9000e-04	-8.0078e-04	5.9394e+02	5.5819e+02	8.5157e+02	9.0419e+02	
1.2970e+05	5.0300e-04	4.4299e-04	-7.4700e-04	-7.5444e-04	6.2021e+02	5.7875e+02	9.2106e+02	9.8565e+02	
1.2980e+05	4.5100e-04	3.9875e-04	-7.0900e-04	-7.1054e-04	6.3874e+02	6.0064e+02	1.0041e+03	1.0703e+03	
1.2990e+05	4.0300e-04	3.6045e-04	-6.7300e-04	-6.6913e-04	6.5492e+02	6.2398e+02	1.0937e+03	1.1584e+03	
1.3000e+05	3.5800e-04	3.2714e-04	-6.3600e-04	-6.3018e-04	6.7210e+02	6.4890e+02	1.1940e+03	1.2500e+03	
1.3010e+05	3.2200e-04	2.9804e-04	-5.9800e-04	-5.9361e-04	6.9805e+02	6.7553e+02	1.2964e+03	1.3455e+03	
1.3020e+05	2.9200e-04	2.7250e-04	-5.6500e-04	-5.5928e-04	7.2190e+02	7.0403e+02	1.3968e+03	1.4450e+03	
1.3030e+05	2.6600e-04	2.4999e-04	-5.3300e-04	-5.2708e-04	7.4962e+02	7.3459e+02	1.5021e+03	1.5488e+03	
1.3040e+05	2.4200e-04	2.3007e-04	-5.0500e-04	-4.9686e-04	7.7171e+02	7.6739e+02	1.6104e+03	1.6573e+03	
1.3050e+05	2.2900e-04	2.1237e-04	-4.7700e-04	-4.6848e-04	8.1794e+02	8.0267e+02	1.7038e+03	1.7707e+03	
1.3060e+05	2.1600e-04	1.9658e-04	-4.4900e-04	-4.4181e-04	8.7007e+02	8.4066e+02	1.8086e+03	1.8894e+03	
1.3070e+05	2.0500e-04	1.8246e-04	-4.2700e-04	-4.1672e-04	9.1373e+02	8.8165e+02	1.9032e+03	2.0137e+03	
1.3080e+05	1.8700e-04	1.6977e-04	-4.0600e-04	-3.9310e-04	9.3591e+02	9.2595e+02	2.0320e+03	2.1440e+03	
1.3090e+05	1.7200e-04	1.5835e-04	-3.8600e-04	-3.7083e-04	9.6315e+02	9.7393e+02	2.1615e+03	2.2808e+03	
1.3100e+05	1.6100e-04	1.4802e-04	-3.6700e-04	-3.4980e-04	1.0024e+03	1.0260e+03	2.2850e+03	2.4246e+03	
1.3110e+05	1.5000e-04	1.3867e-04	-3.4800e-04	-3.2994e-04	1.0445e+03	1.0826e+03	2.4233e+03	2.5759e+03	
1.3120e+05	1.4000e-04	1.3017e-04	-3.3000e-04	-3.1115e-04	1.0895e+03	1.1443e+03	2.5681e+03	2.7352e+03	
1.3130e+05	1.3000e-04	1.2243e-04	-3.1200e-04	-2.9335e-04	1.1379e+03	1.2117e+03	2.7310e+03	2.9033e+03	
1.3140e+05	1.2100e-04	1.1536e-04	-2.9600e-04	-2.7647e-04	1.1833e+03	1.2855e+03	2.8947e+03	3.0807e+03	
1.3150e+05	1.1500e-04	1.0889e-04	-2.7900e-04	-2.6044e-04	1.2628e+03	1.3664e+03	3.0637e+03	3.2683e+03	
1.3160e+05	1.1000e-04	1.0295e-04	-2.6200e-04	-2.4521e-04	1.3623e+03	1.4556e+03	3.2448e+03	3.4670e+03	
1.3170e+05	1.0500e-04	9.7494e-05	-2.4700e-04	-2.3072e-04	1.4576e+03	1.5540e+03	3.4289e+03	3.6775e+03	
1.3180e+05	1.0100e-04	9.2468e-05	-2.3300e-04	-2.1692e-04	1.5661e+03	1.6629e+03	3.6130e+03	3.9011e+03	
1.3190e+05	9.5900e-05	8.7828e-05	-2.1800e-04	-2.0376e-04	1.6907e+03	1.7839e+03	3.8434e+03	4.1387e+03	
1.3200e+05	9.1200e-05	8.3539e-05	-2.0500e-04	-1.9120e-04	1.8116e+03	1.9188e+03	4.0721e+03	4.3917e+03	
1.3210e+05	8.6500e-05	7.9565e-05	-1.9200e-04	-1.7920e-04	1.9506e+03	2.0696e+03	4.3296e+03	4.6613e+03	
1.3220e+05	8.0100e-05	7.5879e-05	-1.7900e-04	-1.6773e-04	2.0828e+03	2.2389e+03	4.6545e+03	4.9491e+03	
1.3230e+05	7.5200e-05	7.2453e-05	-1.6600e-04	-1.5675e-04	2.2643e+03	2.4297e+03	4.9983e+03	5.2566e+03	
1.3240e+05	7.1500e-05	6.9264e-05	-1.5500e-04	-1.4623e-04	2.4539e+03	2.6457e+03	5.3197e+03	5.5855e+03	
1.3250e+05	6.8700e-05	6.6292e-05	-1.4500e-04	-1.3614e-04	2.6685e+03	2.8913e+03	5.6322e+03	5.9376e+03	
1.3260e+05	6.7200e-05	6.3518e-05	-1.3600e-04	-1.2646e-04	2.9202e+03	3.1718e+03	5.9100e+03	6.3147e+03	
1.3270e+05	6.6100e-05	6.0925e-05	-1.2700e-04	-1.1716e-04	3.2247e+03	3.4938e+03	6.1957e+03	6.7186e+03	
1.3280e+05	6.3600e-05	5.8498e-05	-1.1800e-04	-1.0822e-04	3.5394e+03	3.8654e+03	6.5669e+03	7.1510e+03	
1.3290e+05	6.0600e-05	5.6224e-05	-1.0900e-04	-9.9623e-05	3.8963e+03	4.2965e+03	7.0081e+03	7.6130e+03	
1.3300e+05	5.7500e-05	5.4090e-05	-1.0000e-04	-9.1347e-05	4.3213e+03	4.7995e+03	7.5153e+03	8.1053e+03	
1.3310e+05	5.4800e-05	5.2086e-05	-9.2500e-05	-8.3374e-05	4.7408e+03	5.3896e+03	8.0022e+03	8.6271e+03	
1.3320e+05	5.2700e-05	5.0201e-05	-8.5300e-05	-7.5689e-05	5.2420e+03	6.0858e+03	8.4847e+03	9.1756e+03	
1.3330e+05	5.1100e-05	4.8427e-05	-7.8100e-05	-6.8274e-05	5.8663e+03	6.9116e+03	8.9659e+03	9.7443e+03	
1.3340e+05	4.9700e-05	4.6755e-05	-7.1000e-05	-6.1118e-05	6.6169e+03	7.8959e+03	9.4527e+03	1.0321e+04	
1.3350e+05	4.8400e-05	4.5178e-05	-6.3900e-05	-5.4205e-05	7.5322e+03	9.0733e+03	9.9443e+03	1.0886e+04	
1.3360e+05	4.7400e-05	4.3689e-05	-5.6100e-05	-4.7524e-05	8.7876e+03	1.0484e+04	1.0401e+04	1.1404e+04	
1.3370e+05	4.6100e-05	4.2282e-05	-4.8500e-05	-4.1062e-05	1.0296e+04	1.2171e+04	1.0832e+04	1.1820e+04	
1.3380e+05	4.4300e-05	4.0950e-05	-4.1200e-05	-3.4810e-05	1.2104e+04	1.4176e+04	1.1257e+04	1.2050e+04	
1.3390e+05	4.4700e-05	3.9690e-05	-3.4600e-05	-2.8757e-05	1.3990e+04	1.6522e+04	1.0829e+04	1.1971e+04	
1.3400e+05	4.4100e-05	3.8496e-05	-2.8400e-05	-2.2892e-05	1.6028e+04	1.9190e+04	1.0322e+04	1.1412e+04	
1.3410e+05	4.2400e-05	3.7364e-05	-2.2700e-05	-1.7209e-05	1.8331e+04	2.2080e+04	9.8139e+03	1.0169e+04	
1.3420e+05	4.2400e-05	3.6289e-05	-1.5100e-05	-1.1697e-05	2.0930e+04	2.4963e+04	7.4540e+03	8.0461e+03	
1.3430e+05	4.2100e-05	3.5268e-05	-8.2400e-06	-6.3490e-06	2.2877e+04	2.7464e+04	4.4775e+03	4.9440e+03	
1.3440e+05	4.0800e-05	3.4298e-05	-1.4000e-06	-1.1577e-06	2.4481e+04	2.9123e+04	8.4003e+02	9.8304e+02	
1.3450e+05	3.7200e-05	3.3376e-05	6.1700e-06	3.8839e-06	2.6162e+04	2.9562e+04	-4.3392e+03	-3.4400e+03	
1.3460e+05	3.5000e-05	3.2497e-05	1.1000e-05	8.7825e-06	2.6003e+04	2.8677e+04	-8.1724e+03	-7.7500e+03	
1.3470e+05	3.3100e-05	3.1661e-05	1.5800e-05	1.3544e-05	2.4605e+04	2.6699e+04	-1.1745e+04	-1.1421e+04	
1.3480e+05	3.1000e-05	3.0864e-05	1.9300e-05	1.8175e-05	2.3247e+04	2.4058e+04	-1.4473e+04	-1.4167e+04	
1.3490e+05	2.9900e-05	3.0104e-05	2.2800e-05	2.2681e-05	2.1148e+04	2.1190e+04	-1.6126e+04	-1.5965e+04	
1.3500e+05	2.9800e-05	2.9378e-05	2.6100e-05	2.7066e-05	1.8990e+04	1.8411e+04	-1.6632e+04	-1.6962e+04	
1.3510e+05	2.9400e-05	2.8686e-05	3.0600e-05	3.1336e-05	1.6327e+04	1.5894e+04	-1.6993e+04	-1.7362e+04	
1.3520e+05	2.9000e-05	2.8024e-05	3.5400e-05	3.5496e-05	1.3848e+04	1.3702e+04	-1.6904e+04	-1.7355e+04	
1.3530e+05	2.8800e-05	2.7392e-05	3.9200e-05	3.9549e-05	1.2172e+04	1.1835e+04	-1.6567e+04	-1.7088e+04	
1.3540e+05	2.8300e-05	2.6787e-05	4.2700e-05	4.3501e-05	1.0784e+04	1.0264e+04	-1.6272e+04	-1.6668e+04	
1.3550e+05	2.7600e-05	2.6208e-05	4.6400e-05	4.7355e-05	9.4692e+03	8.9468e+03	-1.5919e+04	-1.6166e+04	
1.3560e+05	2.6800e-05	2.5654e-05	5.0100e-05	5.1114e-05	8.3017e+03	7.8433e+03	-1.5519e+04	-1.5627e+04	
1.3570e+05	2.6000e-05	2.5123e-05	5.3800e-05	5.4784e-05	7.2820e+03	6.9164e+03	-1.5068e+04	-1.5082e+04	
1.3580e+05	2.5300e-05	2.4615e-05	5.7700e-05	5.8366e-05	6.3738e+03	6.1346e+03	-1.4536e+04	-1.4546e+04	
1.3590e+05	2.4700e-05	2.4127e-05	6.1200e-05	6.1864e-05	5.6710e+03	5.4719e+03	-1.4051e+04	-1.4030e+04	
1.3600e+05	2.3900e-05	2.3659e-05	6.4400e-05	6.5282e-05	5.0651e+03	4.9071e+03	-1.3648e+04	-1.3540e+04	
1.3610e+05	2.3300e-05	2.3211e-05	6.7500e-05	6.8621e-05	4.5694e+03	4.4231e+03	-1.3238e+04	-1.3077e+04	
1.3620e+05	2.2600e-05	2.2780e-05	7.0600e-05	7.1886e-05	4.1127e+03	4.0059e+03	-1.2848e+04	-1.2641e+04	
1.3630e+05	2.1600e-05	2.2366e-05	7.4000e-05	7.5078e-05	3.6348e+03	3.6444e+03	-1.2453e+04	-1.2234e+04	
1.3640e+05	2.0600e-05	2.1968e-05	7.7300e-05	7.8201e-05	3.2189e+03	3.3295e+03	-1.2079e+04	-1.1852e+04	
1.3650e+05	2.0600e-05	2.1586e-05	8.0200e-05	8.1256e-05	3.0045e+03	3.0538e+03	-1.1697e+04	-1.1495e+04	
1.3660e+05	2.0600e-05	2.1218e-05	8.3400e-05	8.4247e-05	2.7914e+03	2.8112e+03	-1.1301e+04	-1.1162e+04	
1.3670e+05	2.0400e-05	2.0865e-05	8.6300e-05	8.7174e-05	2.5941e+03	2.5969e+03	-1.0974e+04	-1.0850e+04	
1.3680e+05	2.0100e-05	2.0525e-05	8.8900e-05	9.0041e-05	2.4196e+03	2.4066e+03	-1.0702e+04	-1.0558e+04	
1.3690e+05	1.9800e-05	2.0197e-05	9.1700e-05	9.2849e-05	2.2498e+03	2.2370e+03	-1.0419e+04	-1.0284e+04	
1.3700e+05	1.9400e-05	1.9882e-05	9.4300e-05	9.5600e-05	2.0930e+03	2.0852e+03	-1.0174e+04	-1.0027e+04	
1.3710e+05	1.8900e-05	1.9578e-05	9.6600e-05	9.8296e-05	1.9507e+03	1.9489e+03	-9.9703e+03	-9.7852e+03	
1.3720e+05	1.8500e-05	1.9285e-05	9.8900e-05	1.0094e-04	1.8274e+03	1.8261e+03	-9.7694e+03	-9.5580e+03	
1.3730e+05	1.8100e-05	1.9003e-05	1.0100e-04	1.0353e-04	1.7191e+03	1.7151e+03	-9.5929e+03	-9.3441e+03	
1.3740e+05	1.7700e-05	1.8731e-05	1.0400e-04	1.0607e-04	1.5904e+03	1.6144e+03	-9.3447e+03	-9.1424e+03	
1.3750e+05	1.7500e-05	1.8468e-05	1.0600e-04	1.0857e-04	1.5162e+03	1.5228e+03	-9.1837e+03	-8.9519e+03	
1.3760e+05	1.7400e-05	1.8215e-05	1.0900e-04	1.1101e-04	1.4281e+03	1.4393e+03	-8.9463e+03	-8.7718e+03	
1.3770e+05	1.7200e-05	1.7970e-05	1.1100e-04	1.1342e-04	1.3633e+03	1.3628e+03	-8.7978e+03	-8.6012e+03	
1.3780e+05	1.7100e-05	1.7734e-05	1.1400e-04	1.1577e-04	1.2868e+03	1.2928e+03	-8.5789e+03	-8.4396e+03	
1.3790e+05	1.6800e-05	1.7506e-05	1.1600e-04	1.1809e-04	1.2229e+03	1.2284e+03	-8.4436e+03	-8.2862e+03	
1.3800e+05	1.6400e-05	1.7286e-05	1.1800e-04	1.2036e-04	1.1555e+03	1.1691e+03	-8.3140e+03	-8.1404e+03	
1.3810e+05	1.6000e-05	1.7074e-05	1.2000e-04	1.2259e-04	1.0917e+03	1.1144e+03	-8.1878e+03	-8.0018e+03	
1.3820e+05	1.5700e-05	1.6868e-05	1.2200e-04	1.2479e-04	1.0376e+03	1.0638e+03	-8.0632e+03	-7.8697e+03	
1.3830e+05	1.5500e-05	1.6669e-05	1.2300e-04	1.2695e-04	1.0085e+03	1.0168e+03	-8.0030e+03	-7.7438e+03	
1.3840e+05	1.5300e-05	1.6477e-05	1.2500e-04	1.2907e-04	9.6475e+02	9.7328e+02	-7.8819e+03	-7.6237e+03	
1.3850e+05	1.5200e-05	1.6291e-05	1.2700e-04	1.3115e-04	9.2909e+02	9.3276e+02	-7.7628e+03	-7.5090e+03	
1.3860e+05	1.5000e-05	1.6112e-05	1.2900e-04	1.3320e-04	8.8936e+02	8.9500e+02	-7.6485e+03	-7.3993e+03	
1.3870e+05	1.4800e-05	1.5938e-05	1.3100e-04	1.3522e-04	8.5155e+02	8.5976e+02	-7.5374e+03	-7.2943e+03	
1.3880e+05	1.4500e-05	1.5769e-05	1.3200e-04	1.3720e-04	8.2226e+02	8.2682e+02	-7.4854e+03	-7.1937e+03	
1.3890e+05	1.4300e-05	1.5606e-05	1.3400e-04	1.3915e-04	7.8742e+02	7.9599e+02	-7.3787e+03	-7.0973e+03	
1.3900e+05	1.4100e-05	1.5448e-05	1.3600e-04	1.4107e-04	7.5422e+02	7.6708e+02	-7.2747e+03	-7.0047e+03	
1.3910e+05	1.3900e-05	1.5296e-05	1.3800e-04	1.4296e-04	7.2256e+02	7.3995e+02	-7.1736e+03	-6.9159e+03	
1.3920e+05	1.3700e-05	1.5148e-05	1.4000e-04	1.4482e-04	6.9235e+02	7.1444e+02	-7.0751e+03	-6.8304e+03	
1.3930e+05	1.3500e-05	1.5004e-05	1.4100e-04	1.4665e-04	6.7287e+02	6.9043e+02	-7.0278e+03	-6.7483e+03	
1.3940e+05	1.3300e-05	1.4865e-05	1.4300e-04	1.4845e-04	6.4482e+02	6.6780e+02	-6.9330e+03	-6.6692e+03	
1.3950e+05	1.3100e-05	1.4730e-05	1.4500e-04	1.5023e-04	6.1802e+02	6.4646e+02	-6.8407e+03	-6.5930e+03	
1.3960e+05	1.3100e-05	1.4600e-05	1.4600e-04	1.5198e-04	6.0965e+02	6.2629e+02	-6.7946e+03	-6.5196e+03	
1.3970e+05	1.3000e-05	1.4473e-05	1.4800e-04	1.5371e-04	5.8895e+02	6.0723e+02	-6.7050e+03	-6.4488e+03	
1.3980e+05	1.2900e-05	1.4351e-05	1.4900e-04	1.5541e-04	5.7673e+02	5.8918e+02	-6.6615e+03	-6.3804e+03	
1.3990e+05	1.2800e-05	1.4231e-05	1.5100e-04	1.5708e-04	5.5737e+02	5.7208e+02	-6.5753e+03	-6.3144e+03	
1.4000e+05	1.2700e-05	1.4116e-05	1.5300e-04	1.5873e-04	5.3881e+02	5.5586e+02	-6.4912e+03	-6.2505e+03	
